# ----- Rotor performance tables for the NOSTRUM-15-270-RWT-UMaineSemi wind turbine ----- 
# ------------ Written on Jan-13-22 using the ROSCO toolbox ------------ 

# Pitch angle vector, 36 entries - x axis (matrix columns) (deg)
-5.0   -4.0   -3.0   -2.0   -1.0   0.0   1.0   2.0   3.0   4.0   5.0   6.0   7.0   8.0   9.0   10.0   11.0   12.0   13.0   14.0   15.0   16.0   17.0   18.0   19.0   20.0   21.0   22.0   23.0   24.0   25.0   26.0   27.0   28.0   29.0   30.0   
# TSR vector, 29 entries - y axis (matrix rows) (-)
2.0   2.5   3.0   3.5   4.0   4.5   5.0   5.5   6.0   6.5   7.0   7.5   8.0   8.5   9.0   9.5   10.0   10.5   11.0   11.5   12.0   12.5   13.0   13.5   14.0   14.5   15.0   15.5   16.0   
# Wind speed vector - z axis (m/s)
9.0

# Power coefficient 

0.009018   0.010804   0.012581   0.014351   0.016130   0.017904   0.019678   0.021453   0.023234   0.025020   0.026808   0.028601   0.030391   0.032179   0.033969   0.035737   0.037485   0.039179   0.040825   0.042359   0.043790   0.045179   0.046381   0.047375   0.048156   0.048685   0.048979   0.049021   0.048849   0.048412   0.047694   0.046747   0.045525   0.044044   0.042329   0.040412   
0.019173   0.022131   0.025094   0.028188   0.031145   0.034122   0.037107   0.040156   0.043208   0.046235   0.049245   0.052192   0.055056   0.057783   0.060360   0.062734   0.064943   0.066838   0.068389   0.069578   0.070321   0.070605   0.070474   0.069984   0.069098   0.067714   0.065866   0.063608   0.060990   0.058054   0.054834   0.051340   0.047601   0.043652   0.039518   0.035222   
0.034624   0.039326   0.044066   0.048849   0.053651   0.058459   0.063209   0.067853   0.072376   0.076717   0.080950   0.084769   0.088226   0.091284   0.093847   0.095755   0.096935   0.097363   0.097094   0.096180   0.094644   0.092359   0.089445   0.085974   0.082005   0.077590   0.072769   0.067577   0.062063   0.056274   0.050257   0.044044   0.037673   0.031187   0.024612   0.017965   
0.056775   0.063895   0.071053   0.078207   0.084635   0.091445   0.097982   0.104164   0.109940   0.115201   0.119854   0.123731   0.126532   0.128224   0.128827   0.128474   0.127120   0.124619   0.121125   0.116794   0.111721   0.105988   0.099670   0.092828   0.085521   0.077819   0.069799   0.061509   0.052996   0.044329   0.035537   0.026624   0.017604   0.008485   -0.000672   -0.009742   
0.085675   0.095630   0.105478   0.115082   0.124298   0.132984   0.141117   0.148447   0.154830   0.159843   0.163143   0.164930   0.165129   0.163772   0.160926   0.156661   0.151232   0.144754   0.137418   0.129319   0.120517   0.111092   0.101164   0.090803   0.080131   0.069221   0.058084   0.046753   0.035235   0.023549   0.011721   -0.000212   -0.012153   -0.024025   -0.035768   -0.047260   
0.122299   0.135536   0.148363   0.160572   0.172002   0.182343   0.191314   0.198317   0.202881   0.205355   0.205568   0.203537   0.199491   0.193734   0.186453   0.177948   0.168350   0.157806   0.146459   0.134419   0.121790   0.108694   0.095290   0.081579   0.067582   0.053341   0.038896   0.024242   0.009310   -0.005854   -0.021088   -0.036277   -0.051313   -0.066022   -0.080372   -0.094292   
0.166838   0.183580   0.199598   0.214509   0.225599   0.236049   0.243031   0.247243   0.248367   0.246332   0.241778   0.234951   0.226255   0.216052   0.204577   0.192057   0.178565   0.164188   0.149090   0.133377   0.117148   0.100473   0.083417   0.066057   0.048430   0.030585   0.012385   -0.006185   -0.025090   -0.044056   -0.062939   -0.081524   -0.099624   -0.117257   -0.134328   -0.150893   
0.217205   0.237611   0.255934   0.271506   0.283124   0.290448   0.294209   0.293452   0.289251   0.282134   0.272574   0.261164   0.248146   0.233807   0.218291   0.201764   0.184303   0.165991   0.146908   0.127299   0.107170   0.086581   0.065923   0.044410   0.022731   0.000587   -0.021991   -0.045007   -0.068200   -0.091294   -0.113978   -0.136027   -0.157456   -0.178119   -0.198220   -0.217757   
0.275017   0.297685   0.316305   0.329355   0.337431   0.340536   0.337977   0.332071   0.322679   0.310999   0.297275   0.281955   0.265150   0.247064   0.227788   0.207375   0.185983   0.163692   0.140539   0.116699   0.092296   0.067457   0.042236   0.016439   -0.009939   -0.036872   -0.064331   -0.092159   -0.120013   -0.147371   -0.173943   -0.199719   -0.224527   -0.248724   -0.272148   -0.294870   
0.337558   0.359861   0.374861   0.384063   0.386666   0.383052   0.375933   0.364960   0.351748   0.336286   0.319112   0.300193   0.279819   0.257942   0.234707   0.210214   0.183878   0.157084   0.129370   0.101102   0.072355   0.042932   0.012776   -0.018097   -0.049676   -0.081945   -0.114818   -0.147900   -0.180614   -0.212364   -0.243170   -0.272767   -0.301672   -0.329625   -0.356726   -0.382648   
0.395408   0.413398   0.424835   0.428408   0.423170   0.415833   0.404537   0.390830   0.374533   0.356258   0.335880   0.313701   0.289703   0.264038   0.236777   0.207957   0.177782   0.146530   0.114259   0.081279   0.047511   0.012824   -0.022765   -0.059252   -0.096621   -0.134861   -0.173607   -0.212264   -0.249908   -0.286536   -0.321621   -0.355908   -0.389067   -0.421183   -0.452136   -0.481979   
0.437957   0.452469   0.458192   0.457263   0.451687   0.441769   0.429028   0.413141   0.394822   0.373857   0.350659   0.325224   0.297693   0.268180   0.236667   0.203341   0.168315   0.132129   0.094999   0.056804   0.017454   -0.023029   -0.064640   -0.107355   -0.151190   -0.195971   -0.241099   -0.285398   -0.328671   -0.370105   -0.410525   -0.449691   -0.487600   -0.524161   -0.559370   -0.593652   
0.465389   0.475983   0.479518   0.478690   0.472726   0.463195   0.449527   0.432670   0.412426   0.389282   0.363333   0.334699   0.303598   0.269971   0.233976   0.195660   0.155663   0.114239   0.071624   0.027548   -0.017939   -0.064832   -0.113105   -0.162748   -0.213703   -0.265635   -0.317464   -0.367985   -0.416900   -0.464219   -0.510294   -0.554863   -0.597883   -0.639270   -0.679463   -0.719016   
0.480967   0.490737   0.496697   0.490815   0.491204   0.482183   0.468657   0.450856   0.428984   0.403626   0.374736   0.342828   0.307746   0.269718   0.228707   0.185039   0.139513   0.092631   0.043929   -0.006540   -0.058743   -0.112642   -0.168210   -0.225432   -0.284177   -0.343842   -0.402488   -0.459825   -0.514841   -0.568724   -0.620880   -0.671271   -0.719736   -0.766564   -0.812409   -0.858412   
0.478470   0.489868   0.497691   0.502403   0.501348   0.494887   0.482970   0.465313   0.442746   0.415482   0.384129   0.348880   0.309865   0.267195   0.220786   0.171410   0.120142   0.067053   0.011684   -0.045786   -0.105356   -0.166950   -0.230581   -0.296139   -0.363403   -0.431225   -0.497532   -0.561593   -0.623803   -0.684596   -0.743402   -0.799999   -0.854492   -0.907568   -0.959885   -1.013737   
0.466939   0.481543   0.493223   0.500298   0.504073   0.501488   0.491980   0.475783   0.453020   0.424475   0.390931   0.352491   0.309569   0.261856   0.209881   0.154608   0.097267   0.037388   -0.025189   -0.090313   -0.157927   -0.227976   -0.300201   -0.374823   -0.451295   -0.527546   -0.602162   -0.673865   -0.744380   -0.812743   -0.878647   -0.942037   -1.003313   -1.063498   -1.123395   -1.186903   
0.447838   0.466150   0.482185   0.494077   0.501938   0.503828   0.497758   0.483551   0.461064   0.431521   0.395691   0.354057   0.306998   0.253982   0.196115   0.134857   0.070900   0.003755   -0.066586   -0.139968   -0.216262   -0.295432   -0.377324   -0.461751   -0.548121   -0.633514   -0.716358   -0.797105   -0.876148   -0.952594   -1.026046   -1.096684   -1.165589   -1.233621   -1.302374   -1.377189   
0.427426   0.456312   0.474801   0.490931   0.502196   0.507564   0.505014   0.492546   0.470492   0.439701   0.401229   0.355911   0.303645   0.244528   0.180074   0.111953   0.040713   -0.034339   -0.113173   -0.195541   -0.281325   -0.370406   -0.462607   -0.557677   -0.654443   -0.749949   -0.841934   -0.932348   -1.020560   -1.105502   -1.187151   -1.265880   -1.343327   -1.420591   -1.499877   -1.587917   
0.415591   0.437922   0.458386   0.477299   0.493637   0.503209   0.504873   0.495803   0.475420   0.444180   0.403651   0.354930   0.297500   0.232212   0.161169   0.085811   0.006717   -0.076858   -0.164860   -0.256931   -0.352942   -0.452730   -0.556056   -0.662591   -0.770418   -0.876345   -0.978807   -1.079668   -1.177675   -1.271780   -1.361866   -1.449220   -1.536562   -1.624151   -1.715775   -1.818824   
0.391518   0.417119   0.440256   0.461127   0.480431   0.495241   0.501277   0.496434   0.478422   0.447420   0.405064   0.352435   0.289431   0.217510   0.139296   0.056222   -0.031226   -0.123967   -0.221791   -0.324282   -0.431307   -0.542592   -0.657857   -0.776710   -0.896548   -1.013348   -1.127422   -1.239346   -1.347568   -1.451379   -1.551236   -1.648308   -1.746456   -1.845257   -1.951739   -2.071134   
0.363857   0.393149   0.419487   0.443153   0.464382   0.483246   0.493864   0.492958   0.477296   0.447155   0.403409   0.347091   0.278443   0.199860   0.114326   0.023186   -0.073417   -0.176024   -0.284428   -0.398170   -0.517036   -0.640685   -0.768829   -0.900950   -1.033625   -1.162546   -1.289058   -1.412747   -1.531778   -1.646010   -1.755930   -1.863866   -1.974718   -2.086153   -2.210084   -2.347974   
0.337103   0.370148   0.400012   0.426431   0.449663   0.470519   0.485938   0.488594   0.476897   0.447619   0.402107   0.341229   0.266205   0.180266   0.086401   -0.013393   -0.119636   -0.232738   -0.352402   -0.478095   -0.609549   -0.746364   -0.888234   -1.034269   -1.180431   -1.322407   -1.462324   -1.598362   -1.728969   -1.854463   -1.975474   -2.095668   -2.219713   -2.345579   -2.488936   -2.647033   
0.305871   0.342005   0.375308   0.405149   0.431158   0.454248   0.473491   0.480810   0.472556   0.445116   0.398066   0.332943   0.251466   0.157521   0.055556   -0.053804   -0.170153   -0.294455   -0.426151   -0.564694   -0.709674   -0.860592   -1.017141   -1.178204   -1.338393   -1.494772   -1.648717   -1.797430   -1.940129   -2.077218   -2.209875   -2.343576   -2.483695   -2.625276   -2.790046   -2.969963   
0.275808   0.314605   0.350910   0.384240   0.413515   0.438755   0.460219   0.472236   0.467036   0.441540   0.392628   0.322766   0.234209   0.132461   0.021265   -0.098060   -0.225662   -0.362007   -0.506631   -0.658923   -0.818338   -0.984371   -1.156784   -1.334036   -1.509454   -1.681507   -1.850328   -2.012441   -2.168193   -2.317911   -2.463843   -2.613037   -2.770451   -2.930068   -3.118675   -3.320246   
0.244094   0.284441   0.323600   0.360495   0.392760   0.420748   0.444500   0.460411   0.458549   0.435683   0.385182   0.309765   0.213927   0.103736   -0.016409   -0.146201   -0.285450   -0.434514   -0.592859   -0.759769   -0.934516   -1.116621   -1.305875   -1.500367   -1.691871   -1.880561   -2.064901   -2.241215   -2.410894   -2.575639   -2.736179   -2.902382   -3.077349   -3.257411   -3.471860   -3.700396   
0.230033   0.270671   0.311146   0.346260   0.380512   0.410202   0.435202   0.452838   0.453729   0.430477   0.376781   0.295257   0.191677   0.073024   -0.057643   -0.198625   -0.350361   -0.513020   -0.685996   -0.868455   -1.059514   -1.258702   -1.465994   -1.678673   -1.887807   -2.094454   -2.295044   -2.486497   -2.670878   -2.848386   -3.024879   -3.210595   -3.404122   -3.607931   -3.850038   -4.104512   
0.202294   0.240514   0.282025   0.323075   0.360248   0.392684   0.419746   0.439222   0.443197   0.420998   0.365623   0.278308   0.166812   0.038845   -0.102337   -0.255079   -0.419986   -0.596966   -0.785391   -0.984262   -1.192540   -1.409756   -1.636116   -1.867754   -2.095635   -2.321045   -2.538440   -2.745712   -2.945583   -3.140756   -3.335112   -3.541460   -3.755129   -3.985393   -4.257211   -4.539602   
0.113247   0.150033   0.185994   0.227434   0.276615   0.321368   0.359117   0.388490   0.402591   0.390075   0.340640   0.252533   0.136729   0.001756   -0.149527   -0.314269   -0.492677   -0.684447   -0.888979   -1.104999   -1.330993   -1.567056   -1.813075   -2.064465   -2.311911   -2.556587   -2.790919   -3.014597   -3.230745   -3.440854   -3.653805   -3.880489   -4.114084   -4.371746   -4.674143   -4.985126   
0.154054   0.189695   0.226749   0.268835   0.311350   0.349733   0.382085   0.406056   0.413637   0.393779   0.335528   0.236593   0.108917   -0.038674   -0.202901   -0.381377   -0.574973   -0.783213   -1.005479   -1.240174   -1.485747   -1.743014   -2.011565   -2.284743   -2.553940   -2.819535   -3.072439   -3.314326   -3.548270   -3.777269   -4.011902   -4.263923   -4.522341   -4.813049   -5.150525   -5.494266   


#  Thrust coefficient 

0.066503   0.066325   0.066142   0.065962   0.065780   0.065610   0.065452   0.065312   0.065200   0.065120   0.065086   0.065083   0.065102   0.065142   0.065207   0.065277   0.065358   0.065427   0.065489   0.065481   0.065414   0.065274   0.065055   0.064731   0.064270   0.063654   0.062842   0.061830   0.060629   0.059238   0.057731   0.055999   0.054041   0.051888   0.049562   0.047094   
0.086095   0.086122   0.086197   0.086691   0.086819   0.087024   0.087270   0.087566   0.087905   0.088277   0.088746   0.089248   0.089725   0.090134   0.090481   0.090701   0.090795   0.090727   0.090489   0.089939   0.089060   0.087817   0.086211   0.084307   0.082150   0.079622   0.076732   0.073540   0.070084   0.066395   0.062503   0.058395   0.054163   0.049796   0.045327   0.040759   
0.112148   0.112747   0.113413   0.114171   0.115004   0.116046   0.117120   0.118183   0.119233   0.120221   0.121189   0.121931   0.122458   0.122738   0.122681   0.122148   0.121057   0.119365   0.117120   0.114346   0.111107   0.107311   0.103024   0.098307   0.093213   0.087782   0.082051   0.076074   0.069958   0.063698   0.057321   0.050838   0.044269   0.037639   0.030996   0.024424   
0.145724   0.147279   0.149008   0.150893   0.151835   0.153673   0.155517   0.157215   0.158739   0.159970   0.160826   0.161148   0.160667   0.159305   0.157055   0.153955   0.150053   0.145333   0.139819   0.133654   0.126947   0.119744   0.112101   0.104091   0.095742   0.087256   0.078634   0.069926   0.061159   0.052355   0.043528   0.034649   0.025768   0.017023   0.008462   0.000117   
0.186838   0.189227   0.191915   0.194883   0.197780   0.200469   0.202932   0.204927   0.206332   0.206734   0.205783   0.203610   0.200154   0.195448   0.189538   0.182478   0.174466   0.165635   0.156120   0.146028   0.135546   0.124651   0.113401   0.102091   0.090732   0.079361   0.067991   0.056608   0.045203   0.033739   0.022230   0.010875   -0.000195   -0.010893   -0.021160   -0.030877   
0.235896   0.240147   0.244525   0.248754   0.252677   0.255990   0.258426   0.259390   0.258409   0.255741   0.251233   0.244901   0.236911   0.227510   0.216837   0.205166   0.192634   0.179417   0.165689   0.151586   0.137278   0.122784   0.108436   0.094145   0.079850   0.065556   0.051221   0.036860   0.022448   0.008020   -0.006072   -0.019668   -0.032643   -0.044826   -0.056254   -0.066932   
0.295597   0.301704   0.307710   0.313273   0.315349   0.317907   0.317662   0.315174   0.310147   0.302511   0.292774   0.281109   0.267873   0.253390   0.237871   0.221493   0.204506   0.187049   0.169412   0.151620   0.133776   0.116150   0.098624   0.081113   0.063617   0.046095   0.028462   0.010760   -0.006904   -0.024044   -0.040427   -0.055829   -0.070085   -0.083372   -0.095731   -0.107308   
0.362670   0.370885   0.378010   0.383195   0.385226   0.383727   0.379257   0.371008   0.359845   0.346155   0.330385   0.313075   0.294475   0.274897   0.254506   0.233527   0.212097   0.190407   0.168803   0.147260   0.126089   0.105010   0.083999   0.063040   0.041977   0.020786   -0.000487   -0.021739   -0.042324   -0.061868   -0.079998   -0.096616   -0.112000   -0.126152   -0.139437   -0.151949   
0.442382   0.451511   0.457531   0.458954   0.456157   0.449110   0.437161   0.422262   0.404359   0.384536   0.363063   0.340418   0.316740   0.292269   0.267181   0.241584   0.215702   0.189823   0.164297   0.139279   0.114390   0.089687   0.064962   0.040096   0.015092   -0.009996   -0.035121   -0.059660   -0.082882   -0.104176   -0.123502   -0.141236   -0.157428   -0.172666   -0.186909   -0.200193   
0.532746   0.539844   0.540673   0.536399   0.526258   0.510576   0.491776   0.469625   0.445719   0.420082   0.393298   0.365385   0.336674   0.307210   0.277178   0.246808   0.215952   0.185889   0.156712   0.127738   0.099043   0.070289   0.041377   0.012329   -0.016826   -0.046037   -0.075004   -0.102545   -0.127674   -0.150166   -0.170662   -0.189190   -0.206637   -0.222877   -0.237984   -0.251697   
0.628214   0.628452   0.622614   0.609648   0.587929   0.565355   0.539390   0.511667   0.482096   0.451334   0.419314   0.386362   0.352514   0.317995   0.282992   0.247865   0.213049   0.179259   0.145932   0.113003   0.080015   0.046855   0.013540   -0.019926   -0.053491   -0.087076   -0.119564   -0.149458   -0.175754   -0.199588   -0.220812   -0.240756   -0.259287   -0.276472   -0.292160   -0.306405   
0.717101   0.709454   0.693527   0.671618   0.645751   0.616356   0.585087   0.551719   0.517066   0.480919   0.443705   0.405492   0.366415   0.326720   0.286634   0.246871   0.207829   0.169807   0.132359   0.094918   0.057278   0.019450   -0.018562   -0.056720   -0.094955   -0.132826   -0.168428   -0.199650   -0.227498   -0.251978   -0.274749   -0.295922   -0.315510   -0.333394   -0.349530   -0.364329   
0.802901   0.784751   0.760148   0.731960   0.699774   0.665594   0.628799   0.590445   0.550350   0.508970   0.466403   0.422775   0.378329   0.333195   0.288121   0.243621   0.200363   0.157966   0.115876   0.073536   0.030975   -0.011810   -0.054802   -0.097921   -0.141022   -0.182900   -0.220703   -0.253320   -0.282063   -0.307995   -0.332250   -0.354629   -0.375090   -0.393506   -0.410222   -0.425477   
0.883720   0.856709   0.826732   0.787013   0.752523   0.713170   0.671619   0.628097   0.582730   0.536027   0.487899   0.438771   0.388611   0.337908   0.287816   0.238685   0.190748   0.143773   0.096587   0.049117   0.001374   -0.046618   -0.094822   -0.143125   -0.191228   -0.236687   -0.275621   -0.309911   -0.339463   -0.367241   -0.392856   -0.416319   -0.437462   -0.456465   -0.473966   -0.489316   
0.952209   0.918734   0.881848   0.843836   0.802690   0.759067   0.713102   0.664551   0.614148   0.561846   0.508122   0.453130   0.397149   0.341065   0.285823   0.231792   0.179294   0.126968   0.074372   0.021470   -0.031756   -0.085264   -0.138990   -0.192706   -0.245645   -0.293686   -0.334214   -0.369145   -0.400533   -0.429918   -0.456879   -0.481223   -0.503030   -0.522772   -0.541210   -0.556012   
1.021360   0.980535   0.938938   0.893784   0.848916   0.801612   0.751364   0.698512   0.643092   0.585504   0.526285   0.465495   0.403734   0.342401   0.282251   0.223328   0.165593   0.107658   0.049415   -0.009222   -0.068239   -0.127564   -0.186808   -0.246139   -0.303629   -0.353083   -0.395571   -0.431553   -0.465261   -0.496269   -0.524389   -0.549548   -0.572035   -0.592653   -0.612062   -0.625320   
1.082243   1.035867   0.988862   0.940688   0.891945   0.841052   0.787138   0.730245   0.670109   0.607447   0.542660   0.476082   0.408679   0.342215   0.276945   0.213299   0.149926   0.086198   0.022098   -0.042480   -0.107466   -0.172792   -0.238211   -0.303307   -0.364881   -0.415559   -0.458796   -0.497218   -0.532868   -0.565396   -0.594553   -0.620489   -0.643779   -0.665477   -0.685621   -0.695831   
1.149197   1.099485   1.046114   0.992901   0.939073   0.883785   0.825934   0.764374   0.699290   0.631019   0.560096   0.487227   0.413788   0.341789   0.270822   0.201458   0.132062   0.062189   -0.008148   -0.079021   -0.150359   -0.221979   -0.293562   -0.364375   -0.428644   -0.481547   -0.525733   -0.566638   -0.604245   -0.638119   -0.668248   -0.694941   -0.719155   -0.742116   -0.762544   -0.768745   
1.219866   1.159587   1.099452   1.040182   0.981614   0.922036   0.860380   0.794947   0.725519   0.651977   0.575211   0.496172   0.417085   0.339651   0.263514   0.187895   0.112209   0.035935   -0.040896   -0.118305   -0.196182   -0.274332   -0.352294   -0.428747   -0.494823   -0.549446   -0.595788   -0.639170   -0.678590   -0.713716   -0.744754   -0.772245   -0.797637   -0.822206   -0.842379   -0.844469   
1.291399   1.224214   1.157032   1.090635   1.025929   0.961811   0.895702   0.826262   0.752256   0.673344   0.590453   0.505225   0.420362   0.336765   0.254613   0.172542   0.090377   0.007422   -0.076144   -0.160339   -0.245026   -0.329941   -0.414376   -0.496334   -0.564108   -0.619797   -0.669137   -0.714925   -0.755987   -0.792281   -0.824133   -0.852583   -0.879447   -0.905713   -0.924115   -0.923082   
1.356814   1.283484   1.209688   1.136652   1.065376   0.996227   0.926112   0.852881   0.774550   0.691002   0.602579   0.511612   0.421429   0.332468   0.244162   0.155537   0.066453   -0.023478   -0.114089   -0.205390   -0.297169   -0.389055   -0.480151   -0.567134   -0.636793   -0.693805   -0.746140   -0.794249   -0.836808   -0.874194   -0.906835   -0.936501   -0.965163   -0.993199   -1.008102   -1.003223   
1.433358   1.354188   1.273310   1.193963   1.110637   1.034774   0.960033   0.882104   0.799689   0.710903   0.616174   0.519018   0.422695   0.327701   0.232528   0.136921   0.040737   -0.056417   -0.154329   -0.252954   -0.352039   -0.451040   -0.548970   -0.639597   -0.711622   -0.770604   -0.826039   -0.876286   -0.920260   -0.958722   -0.992188   -1.023325   -1.053976   -1.083702   -1.094881   -1.085870   
1.499250   1.415622   1.328956   1.241703   1.155767   1.072831   0.992543   0.910118   0.823158   0.729427   0.628920   0.525747   0.423263   0.321724   0.219459   0.116615   0.013263   -0.091290   -0.196644   -0.302767   -0.409336   -0.515775   -0.620832   -0.714297   -0.788010   -0.850346   -0.908813   -0.960964   -1.006264   -1.045577   -1.080092   -1.113254   -1.146474   -1.177562   -1.184466   -1.171461   
1.566874   1.478827   1.386939   1.293150   1.200212   1.110104   1.023358   0.936388   0.844758   0.746245   0.640155   0.531040   0.422678   0.314619   0.205003   0.094682   -0.016520   -0.128910   -0.242178   -0.356248   -0.470720   -0.584727   -0.696767   -0.793102   -0.868545   -0.934491   -0.995904   -1.049843   -1.096489   -1.136706   -1.172623   -1.208074   -1.243646   -1.275517   -1.278105   -1.260788   
1.630702   1.539559   1.443122   1.343758   1.243776   1.146533   1.053105   0.961016   0.864721   0.761795   0.650538   0.535678   0.421529   0.306248   0.189120   0.071236   -0.047779   -0.168111   -0.289396   -0.411506   -0.533970   -0.655751   -0.775008   -0.874071   -0.951305   -1.020992   -1.085127   -1.140720   -1.188600   -1.230204   -1.267904   -1.306068   -1.344450   -1.375671   -1.373216   -1.353981   
1.710715   1.616569   1.514066   1.405999   1.298703   1.193320   1.091873   0.992812   0.890445   0.781656   0.663789   0.542073   0.420268   0.297013   0.172003   0.046093   -0.081135   -0.209803   -0.339486   -0.469999   -0.600791   -0.730553   -0.856720   -0.958237   -1.037711   -1.111264   -1.177945   -1.235192   -1.284272   -1.326408   -1.366364   -1.407403   -1.448535   -1.477530   -1.470463   -1.449650   
1.768442   1.676206   1.571547   1.460471   1.346717   1.233712   1.124616   1.018872   0.911065   0.797310   0.674053   0.546380   0.417649   0.286689   0.153562   0.019503   -0.116157   -0.253373   -0.391667   -0.530795   -0.670111   -0.808018   -0.940534   -1.044369   -1.126919   -1.204307   -1.273350   -1.332183   -1.382386   -1.426369   -1.469022   -1.513062   -1.556944   -1.582779   -1.571277   -1.548847   
1.740434   1.660718   1.573376   1.472332   1.355491   1.237955   1.124928   1.016444   0.907433   0.794213   0.672943   0.543701   0.411340   0.274622   0.134393   -0.007551   -0.151394   -0.296924   -0.443612   -0.591133   -0.738917   -0.885326   -1.024263   -1.129854   -1.215955   -1.296981   -1.367978   -1.428270   -1.479458   -1.524326   -1.570142   -1.617761   -1.664875   -1.687584   -1.671717   -1.647727   
1.879047   1.787360   1.684812   1.567663   1.442825   1.315669   1.191157   1.071056   0.951136   0.826890   0.693089   0.553307   0.409839   0.262856   0.112816   -0.038326   -0.191585   -0.346661   -0.502941   -0.660036   -0.817148   -0.972160   -1.116259   -1.224419   -1.315052   -1.399913   -1.473104   -1.535089   -1.587556   -1.634691   -1.683914   -1.734263   -1.783336   -1.801928   -1.781640   -1.755985   


# Torque coefficient 

0.004630   0.005523   0.006411   0.007295   0.008173   0.009047   0.009920   0.010792   0.011667   0.012547   0.013435   0.014335   0.015248   0.016131   0.016995   0.017853   0.018703   0.019557   0.020379   0.021151   0.021894   0.022584   0.023187   0.023690   0.024077   0.024340   0.024482   0.024520   0.024448   0.024243   0.023884   0.023412   0.022810   0.022077   0.021226   0.020266   
0.007791   0.008962   0.010133   0.011305   0.012486   0.013676   0.014880   0.016099   0.017329   0.018511   0.019679   0.020831   0.021974   0.023082   0.024118   0.025093   0.025984   0.026748   0.027366   0.027821   0.028102   0.028239   0.028220   0.028036   0.027640   0.027083   0.026351   0.025452   0.024412   0.023242   0.021956   0.020560   0.019068   0.017495   0.015850   0.014145   
0.011614   0.013158   0.014713   0.016282   0.017873   0.019470   0.021011   0.022532   0.024022   0.025470   0.026859   0.028160   0.029346   0.030367   0.031206   0.031817   0.032215   0.032415   0.032389   0.032104   0.031584   0.030831   0.029863   0.028709   0.027385   0.025914   0.024312   0.022588   0.020754   0.018835   0.016842   0.014786   0.012673   0.010520   0.008335   0.006122   
0.016131   0.018127   0.020153   0.022174   0.024075   0.026011   0.027871   0.029629   0.031271   0.032791   0.034121   0.035212   0.036004   0.036530   0.036774   0.036695   0.036288   0.035581   0.034587   0.033357   0.031909   0.030276   0.028474   0.026527   0.024451   0.022262   0.019985   0.017634   0.015222   0.012764   0.010268   0.007732   0.005164   0.002568   -0.000035   -0.002631   
0.021339   0.023781   0.026229   0.028617   0.030913   0.033073   0.035094   0.036916   0.038502   0.039747   0.040565   0.041047   0.041165   0.040855   0.040157   0.039106   0.037772   0.036169   0.034347   0.032326   0.030132   0.027790   0.025324   0.022751   0.020097   0.017383   0.014617   0.011803   0.008939   0.006031   0.003081   0.000095   -0.002901   -0.005884   -0.008841   -0.011736   
0.027028   0.029953   0.032787   0.035484   0.038009   0.040293   0.042275   0.043821   0.044828   0.045374   0.045419   0.044983   0.044112   0.042862   0.041276   0.039421   0.037322   0.035012   0.032523   0.029878   0.027097   0.024210   0.021240   0.018209   0.015117   0.011966   0.008759   0.005498   0.002180   -0.001189   -0.004589   -0.007981   -0.011354   -0.014656   -0.017849   -0.020900   
0.033129   0.036449   0.039623   0.042566   0.044952   0.047033   0.048424   0.049263   0.049486   0.049080   0.048198   0.046870   0.045168   0.043165   0.040900   0.038410   0.035729   0.032877   0.029877   0.026747   0.023508   0.020190   0.016797   0.013338   0.009819   0.006237   0.002594   -0.001118   -0.004891   -0.008696   -0.012482   -0.016221   -0.019860   -0.023401   -0.026830   -0.030160   
0.039307   0.043000   0.046315   0.049132   0.051234   0.052558   0.053238   0.053100   0.052339   0.051050   0.049319   0.047254   0.044924   0.042367   0.039598   0.036641   0.033514   0.030228   0.026798   0.023240   0.019584   0.015849   0.012038   0.008160   0.004204   0.000170   -0.003936   -0.008118   -0.012346   -0.016560   -0.020710   -0.024716   -0.028609   -0.032363   -0.036014   -0.039563   
0.045615   0.049380   0.052470   0.054625   0.055962   0.056472   0.056045   0.055063   0.053504   0.051566   0.049290   0.046749   0.043984   0.041034   0.037883   0.034540   0.031015   0.027326   0.023481   0.019523   0.015470   0.011336   0.007114   0.002796   -0.001615   -0.006110   -0.010688   -0.015338   -0.019990   -0.024547   -0.028972   -0.033265   -0.037397   -0.041426   -0.045326   -0.049110   
0.051636   0.055047   0.057318   0.058721   0.059117   0.058562   0.057471   0.055791   0.053769   0.051402   0.048774   0.045879   0.042762   0.039415   0.035899   0.032193   0.028301   0.024237   0.020003   0.015655   0.011208   0.006652   0.001987   -0.002783   -0.007638   -0.012600   -0.017655   -0.022741   -0.027771   -0.032652   -0.037388   -0.041938   -0.046381   -0.050678   -0.054843   -0.058838   
0.056142   0.058642   0.060248   0.060731   0.060168   0.059124   0.057517   0.055568   0.053250   0.050651   0.047752   0.044598   0.041186   0.037574   0.033765   0.029724   0.025480   0.021037   0.016426   0.011694   0.006839   0.001856   -0.003249   -0.008461   -0.013798   -0.019259   -0.024791   -0.030311   -0.035687   -0.040916   -0.045926   -0.050821   -0.055555   -0.060140   -0.064558   -0.068818   
0.058146   0.060072   0.060831   0.060705   0.059963   0.058645   0.056952   0.054842   0.052409   0.049625   0.046544   0.043167   0.039512   0.035633   0.031523   0.027153   0.022553   0.017737   0.012754   0.007624   0.002347   -0.003070   -0.008616   -0.014310   -0.020153   -0.026121   -0.032136   -0.038040   -0.043807   -0.049329   -0.054715   -0.059934   -0.064986   -0.069857   -0.074548   -0.079115   
0.057916   0.059235   0.059677   0.059573   0.058827   0.057634   0.055929   0.053829   0.051307   0.048426   0.045197   0.041633   0.037764   0.033625   0.029222   0.024513   0.019565   0.014374   0.009001   0.003454   -0.002241   -0.008101   -0.014132   -0.020335   -0.026701   -0.033189   -0.039664   -0.045976   -0.052087   -0.057998   -0.063753   -0.069320   -0.074693   -0.079863   -0.084882   -0.089821   
0.056191   0.057326   0.058008   0.057562   0.057526   0.056469   0.054884   0.052799   0.050237   0.047266   0.043882   0.040145   0.036036   0.031583   0.026865   0.021833   0.016539   0.010965   0.005181   -0.000769   -0.006909   -0.013249   -0.019784   -0.026514   -0.033423   -0.040440   -0.047337   -0.054080   -0.060550   -0.066886   -0.073018   -0.078943   -0.084641   -0.090147   -0.095536   -0.100944   
0.052909   0.054161   0.055015   0.055543   0.055433   0.054720   0.053390   0.051424   0.048922   0.045904   0.042435   0.038540   0.034230   0.029523   0.024483   0.019116   0.013432   0.007457   0.001298   -0.005085   -0.011702   -0.018543   -0.025610   -0.032891   -0.040361   -0.047893   -0.055257   -0.062370   -0.069291   -0.076043   -0.082573   -0.088858   -0.094909   -0.100803   -0.106611   -0.112590   
0.048838   0.050340   0.051544   0.052368   0.052762   0.052493   0.051495   0.049791   0.047401   0.044410   0.040899   0.036876   0.032384   0.027403   0.022066   0.016362   0.010274   0.003934   -0.002650   -0.009501   -0.016615   -0.023984   -0.031588   -0.039439   -0.047485   -0.055507   -0.063357   -0.070900   -0.078318   -0.085510   -0.092442   -0.099109   -0.105554   -0.111883   -0.118182   -0.124861   
0.044583   0.046406   0.048002   0.049186   0.049968   0.050156   0.049551   0.048137   0.045898   0.042956   0.039389   0.035244   0.030559   0.025299   0.019630   0.013560   0.007122   0.000376   -0.006657   -0.013993   -0.021620   -0.029535   -0.037721   -0.046161   -0.054794   -0.063330   -0.071611   -0.079682   -0.087581   -0.095210   -0.102545   -0.109603   -0.116487   -0.123305   -0.130175   -0.137650   
0.040576   0.043231   0.044983   0.046511   0.047579   0.048087   0.047845   0.046664   0.044574   0.041656   0.038011   0.033717   0.028765   0.023178   0.017149   0.010716   0.003876   -0.003269   -0.010774   -0.018616   -0.026783   -0.035263   -0.044040   -0.053090   -0.062301   -0.071392   -0.080146   -0.088751   -0.097147   -0.105227   -0.112993   -0.120476   -0.127862   -0.135217   -0.142760   -0.151137   
0.037600   0.039621   0.041472   0.043184   0.044662   0.045528   0.045678   0.044858   0.043013   0.040186   0.036519   0.032111   0.026935   0.021053   0.014662   0.007830   0.000611   -0.006984   -0.014981   -0.023347   -0.032071   -0.041139   -0.050527   -0.060207   -0.070004   -0.079628   -0.088937   -0.098101   -0.107001   -0.115537   -0.123723   -0.131657   -0.139589   -0.147559   -0.155881   -0.165240   
0.033889   0.036106   0.038109   0.039916   0.041587   0.042858   0.043357   0.042932   0.041371   0.038679   0.035012   0.030470   0.025026   0.018863   0.012104   0.004886   -0.002714   -0.010775   -0.019278   -0.028187   -0.037489   -0.047162   -0.057180   -0.067510   -0.077923   -0.088074   -0.097987   -0.107713   -0.117113   -0.126123   -0.134789   -0.143219   -0.151774   -0.160363   -0.169613   -0.179986   
0.030204   0.032636   0.034823   0.036788   0.038550   0.040116   0.040998   0.040922   0.039618   0.037117   0.033485   0.028810   0.023112   0.016616   0.009519   0.001931   -0.006115   -0.014661   -0.023690   -0.033163   -0.043063   -0.053361   -0.064033   -0.075036   -0.086084   -0.096813   -0.107347   -0.117641   -0.127546   -0.137056   -0.146206   -0.155190   -0.164441   -0.173720   -0.184037   -0.195515   
0.026875   0.029510   0.031892   0.033998   0.035856   0.037519   0.038749   0.038961   0.038028   0.035693   0.032064   0.027209   0.021233   0.014397   0.006940   -0.001071   -0.009568   -0.018613   -0.028182   -0.038234   -0.048746   -0.059686   -0.071031   -0.082707   -0.094394   -0.105746   -0.116932   -0.127808   -0.138250   -0.148282   -0.157953   -0.167562   -0.177476   -0.187535   -0.198993   -0.211628   
0.023455   0.026227   0.028781   0.031070   0.033064   0.034835   0.036311   0.036872   0.036239   0.034135   0.030526   0.025544   0.019292   0.012095   0.004272   -0.004137   -0.013086   -0.022645   -0.032773   -0.043427   -0.054576   -0.066181   -0.078220   -0.090602   -0.102919   -0.114943   -0.126778   -0.138204   -0.149165   -0.159700   -0.169896   -0.180171   -0.190965   -0.201852   -0.214517   -0.228345   
0.020368   0.023234   0.025916   0.028377   0.030540   0.032404   0.033989   0.034877   0.034492   0.032609   0.028997   0.023854   0.017309   0.009800   0.001575   -0.007261   -0.016709   -0.026804   -0.037512   -0.048788   -0.060591   -0.072884   -0.085648   -0.098770   -0.111756   -0.124486   -0.136979   -0.148978   -0.160505   -0.171585   -0.182384   -0.193424   -0.205087   -0.216900   -0.230856   -0.245819   
0.017399   0.020275   0.023066   0.025696   0.027996   0.029991   0.031684   0.032817   0.032685   0.031054   0.027455   0.022079   0.015248   0.007404   -0.001171   -0.010439   -0.020382   -0.031025   -0.042331   -0.054249   -0.066725   -0.079726   -0.093238   -0.107120   -0.120791   -0.134261   -0.147420   -0.160005   -0.172116   -0.183838   -0.195294   -0.207154   -0.219647   -0.232495   -0.247796   -0.264103   
0.015775   0.018563   0.021340   0.023749   0.026099   0.028136   0.029851   0.031061   0.031123   0.029528   0.025890   0.020324   0.013194   0.005031   -0.003973   -0.013692   -0.024152   -0.035364   -0.047288   -0.059865   -0.073034   -0.086763   -0.101051   -0.115710   -0.130117   -0.144358   -0.158171   -0.171351   -0.184051   -0.196264   -0.208413   -0.221230   -0.234613   -0.248654   -0.265335   -0.282867   
0.013421   0.015957   0.018713   0.021437   0.023905   0.026058   0.027855   0.029148   0.029412   0.027939   0.024283   0.018524   0.011103   0.002588   -0.006819   -0.016999   -0.027989   -0.039783   -0.052340   -0.065592   -0.079471   -0.093945   -0.109028   -0.124463   -0.139646   -0.154661   -0.169132   -0.182929   -0.196241   -0.209200   -0.222142   -0.235889   -0.250151   -0.265486   -0.283588   -0.302393   
0.007310   0.009685   0.012006   0.014681   0.017856   0.020745   0.023182   0.025078   0.025988   0.025180   0.021989   0.016301   0.008826   0.000178   -0.009431   -0.020098   -0.031677   -0.044077   -0.057263   -0.071153   -0.085673   -0.100933   -0.116816   -0.133108   -0.149151   -0.165018   -0.180141   -0.194575   -0.208523   -0.222081   -0.235822   -0.250445   -0.265429   -0.282143   -0.301653   -0.321717   
0.009589   0.011808   0.014115   0.016735   0.019383   0.021773   0.023787   0.025280   0.025752   0.024516   0.020889   0.014770   0.006800   -0.002415   -0.012676   -0.023827   -0.035922   -0.048932   -0.062818   -0.077481   -0.092821   -0.108892   -0.125668   -0.142732   -0.159547   -0.176137   -0.191933   -0.207037   -0.221632   -0.235917   -0.250574   -0.266343   -0.282485   -0.300638   -0.321712   -0.343176   
